-40 52
-39 30.2
-38 23.2
-37 12
-36 0.6
-35 -8
-34 -20.8
-33 -21.8
-32 -27
-31 -33.4
-30 -41
-29 -53.8
-28 -52.8
-27 -61
-26 -55.4
-25 -56
-24 -63.8
-23 -65.8
-22 -60
-21 -55.4
-20 -57
-19 -57.8
-18 -49.8
-17 -42
-16 -42.4
-15 -29
-14 -28.8
-13 -13.8
-12 -13
-11 -1.4
-10 15
-9 -7.5
-8 -5
-7 1.5
-6 1
-5 0.5
-4 -7
-3 2.5
-2 -1
-1 2.5
0 1
1 -0.5
2 5
3 3.5
4 -1
5 1.5
6 7
7 -0.5
8 2
9 -0.5
10 10.20
11 12.47
12 12.60
13 14.07
14 12.28
15 19.68
16 20.94
17 19.99
18 21.06
19 22.62
20 18.27
21 14.60
22 12.00
23 22.62
24 20.31
25 24.66
26 28.10
27 31.01
28 27.95
29 28.67
30 35.25
31 31.03
32 29.56
33 34.44
34 31.19
35 35.12
36 36.24
37 31.28
38 34.74
39 44.02
40 43.56
